138,3
138,2
138,1
138,0
137,3
137,2
137,1
137,0
136,3
136,2
136,1
136,0
135,3
135,2
135,1
135,0
134,3
134,2
134,1
134,0
133,4
133,3
133,2
133,1
133,0
132,3
132,2
132,1
132,0
131,4
131,3
131,2
131,1
131,0
130,3
130,2
130,1
130,0
129,3
129,2
129,1
129,0
128,4
128,3
128,2
128,1
128,0
127,3
127,2
127,1
127,0
126,3
126,2
126,1
126,0
125,3
125,2
125,1
125,0
124,3
124,2
124,1
124,0
123,3
123,2
123,1
123,0
122,5
122,4
122,3
122,2
122,1
122,0
121,4
121,3
121,2
121,1
121,0
120,4
120,3
120,2
120,1
120,0
119,4
119,3
119,2
119,1
119,0
118,3
118,2
118,1
118,0
117,3
117,2
117,1
117,0
116,3
116,2
116,1
116,0
115,3
115,2
115,1
115,0
114,3
114,2
114,1
114,0
113,3
113,2
113,1
113,0
112,4
112,3
112,2
112,1
112,0
111,3
111,2
111,1
111,0
110,4
110,3
110,2
110,1
110,0
109,3
109,2
109,1
109,0
108,3
108,2
108,1
108,0
107,4
107,3
107,2
107,1
107,0
106,3
106,2
106,1
106,0
105,3
105,2
105,1
105,0
104,3
104,2
104,1
104,0
103,3
103,2
103,1
103,0
102,3
102,2
102,1
102,0
101,5
101,4
101,3
101,2
101,1
101,0
100,4
100,3
100,2
100,1
100,0
99,4
99,3
99,2
99,1
99,0
98,4
98,3
98,2
98,1
98,0
97,3
97,2
97,1
97,0
96,3
96,2
96,1
96,0
95,3
95,2
95,1
95,0
94,3
94,2
94,1
94,0
0,438
93,3
93,2
93,1
93,0
92,4
92,3
92,2
92,1
92,0
91,3
91,2
91,1
91,0
90,4
90,3
90,2
90,1
90,0
89,3
89,2
89,1
89,0
88,3
88,2
88,1
88,0
87,4
87,3
87,2
87,1
87,0
86,3
86,2
86,1
86,0
85,3
85,2
85,1
85,0
84,3
84,2
84,1
84,0
0,437
83,3
83,2
83,1
83,0
82,3
82,2
82,1
82,0
81,5
81,4
81,3
81,2
81,1
81,0
80,4
80,3
80,2
80,1
80,0
79,4
79,3
79,2
79,1
79,0
78,4
78,3
78,2
78,1
78,0
77,3
77,2
77,1
77,0
0,435
76,3
76,2
76,1
76,0
75,3
75,2
75,1
75,0
74,3
74,2
74,1
74,0
73,3
73,2
73,1
73,0
72,4
72,3
72,2
72,1
72,0
70,4
70,3
70,2
70,1
70,0
68,3
68,2
68,1
68,0
67,4
67,3
67,2
67,1
67,0
65,3
65,2
65,1
65,0
64,3
64,2
64,1
64,0
63,3
63,2
63,1
63,0
62,3
62,2
62,1
62,0
61,5
61,4
61,3
61,2
61,1
61,0
60,4
60,3
60,2
60,1
60,0
59,4
59,3
59,2
59,1
59,0
58,4
58,3
58,2
58,1
58,0
57,3
57,2
57,1
57,0
4,3
2,3
2,2
2,1
2,0
1,3
0,412
0,324
0,243
0,9
0,0
0,1
0,400
0,300
0,399
0,299
0,398
0,298
0,397
0,297
0,425
0,296
0,396
0,295
0,433
0,294
0,395
0,293
0,394
0,292
0,393
0,291
0,392
0,290
0,432
0,289
0,391
0,288
0,390
0,287
0,286
0,389
0,285
0,424
0,284
0,388
0,283
0,387
0,282
0,423
0,281
0,386
0,280
0,385
0,279
0,422
0,278
0,421
0,277
0,420
0,276
0,419
0,275
0,384
0,274
0,418
0,273
0,410
0,272
0,409
0,271
0,431
0,270
0,383
0,269
0,417
0,268
0,382
0,267
0,381
0,266
0,380
0,265
0,416
0,264
0,379
0,263
0,378
0,262
0,377
0,261
0,415
0,260
0,376
0,259
0,375
0,258
0,414
0,257
0,374
0,256
0,373
0,255
0,372
0,254
0,371
0,253
0,370
0,252
0,369
0,251
0,430
0,250
0,368
0,249
0,367
0,248
0,413
0,247
0,366
0,246
0,365
0,245
0,364
0,244
0,363
0,242
0,429
0,241
0,362
0,240
0,361
0,239
0,360
0,238
0,359
0,237
0,358
0,236
0,357
0,235
0,428
0,234
0,356
0,233
0,355
0,232
0,411
0,231
0,354
0,230
0,353
0,229
0,352
0,228
0,351
0,227
0,350
0,226
0,349
0,225
0,348
0,224
0,347
0,223
0,346
0,222
0,345
0,221
0,344
0,220
0,343
0,219
0,342
0,218
0,341
0,217
0,340
0,216
0,339
0,215
0,338
0,214
0,408
0,213
0,337
0,212
0,407
0,211
0,336
0,210
0,335
0,209
0,406
0,208
0,334
0,207
0,405
0,206
0,333
0,205
0,332
0,204
0,331
0,203
0,330
0,202
0,329
0,201
0,404
0,200
0,328
0,199
0,403
0,198
0,327
0,197
0,326
0,196
0,325
0,195
0,323
0,194
0,322
0,193
0,321
0,192
0,427
0,63
0,320
0,62
0,434
0,61
0,319
0,60
0,318
0,59
0,317
0,58
0,316
0,57
0,426
0,56
0,315
0,55
0,314
0,54
0,402
0,53
0,313
0,52
0,401
0,51
0,312
0,50
0,311
0,49
0,310
0,48
0,309
0,47
0,308
0,46
0,307
0,45
0,301
0,6
0,5
0,304
0,303
0,306
0,305
0,302
0,12
0,10
0,8
0,11
0,4
0,2
0,3
0,7
